eval_accuracy = 0.5917667238421955
eval_loss = 0.6730120778083801
global_step = 0
loss = None
