eval_accuracy = 0.8833619210977701
eval_loss = 0.38207319378852844
global_step = 0
loss = None
