eval_accuracy = 0.8336192109777015
eval_loss = 0.3636990815401077
global_step = 0
loss = None
