eval_accuracy = 0.7358490566037735
eval_loss = 0.5367613732814789
global_step = 0
loss = None
