eval_accuracy = 0.8542024013722127
eval_loss = 0.41828925609588624
global_step = 0
loss = None
