eval_accuracy = 0.7169811320754716
eval_loss = 0.6087692260742188
global_step = 0
loss = None
