eval_accuracy = 0.5311418685121108
eval_loss = 1.1217989921569824
global_step = 0
loss = None
