eval_accuracy = 0.8627787307032591
eval_loss = 0.342231810092926
global_step = 0
loss = None
