eval_accuracy = 0.8833619210977701
eval_loss = 0.5334827065467834
global_step = 0
loss = None
