eval_accuracy = 0.725557461406518
eval_loss = 0.5810734450817108
global_step = 0
loss = None
