eval_accuracy = 0.8833619210977701
eval_loss = 0.3931448727846146
global_step = 0
loss = None
