eval_accuracy = 0.8353344768439108
eval_loss = 0.41172460913658143
global_step = 0
loss = None
