eval_accuracy = 0.8576329331046312
eval_loss = 0.39553980231285096
global_step = 0
loss = None
