eval_accuracy = 0.8867924528301887
eval_loss = 0.35482228696346285
global_step = 0
loss = None
