eval_accuracy = 0.7375643224699828
eval_loss = 0.5449480533599853
global_step = 0
loss = None
