eval_accuracy = 0.7049742710120068
eval_loss = 0.577705180644989
global_step = 0
loss = None
