eval_accuracy = 0.8227194492254734
eval_loss = 0.40252771973609924
global_step = 0
loss = None
