eval_accuracy = 0.6809605488850772
eval_loss = 0.6431929349899292
global_step = 0
loss = None
