eval_accuracy = 0.629757785467128
eval_loss = 0.9556224703788757
global_step = 0
loss = None
