eval_accuracy = 0.8353344768439108
eval_loss = 0.4115829885005951
global_step = 0
loss = None
