eval_accuracy = 0.7238421955403087
eval_loss = 0.5378661692142487
global_step = 0
loss = None
