eval_accuracy = 0.8336192109777015
eval_loss = 0.5272568464279175
global_step = 0
loss = None
