eval_accuracy = 0.8244406196213425
eval_loss = 0.4871229648590088
global_step = 0
loss = None
