eval_accuracy = 0.8542024013722127
eval_loss = 0.36659398674964905
global_step = 0
loss = None
