eval_accuracy = 0.8456260720411664
eval_loss = 0.36715856194496155
global_step = 0
loss = None
