eval_accuracy = 0.8353344768439108
eval_loss = 0.4425249993801117
global_step = 0
loss = None
