eval_accuracy = 0.8353344768439108
eval_loss = 0.3814780592918396
global_step = 0
loss = None
