eval_accuracy = 0.7341337907375644
eval_loss = 0.5497275710105896
global_step = 0
loss = None
