eval_accuracy = 0.7924528301886793
eval_loss = 0.48015432953834536
global_step = 0
loss = None
