eval_accuracy = 0.7693631669535284
eval_loss = 0.5398725926876068
global_step = 0
loss = None
