eval_accuracy = 0.6329331046312179
eval_loss = 0.6425261259078979
global_step = 0
loss = None
