eval_accuracy = 0.8576329331046312
eval_loss = 0.32829590141773224
global_step = 0
loss = None
