eval_accuracy = 0.8353344768439108
eval_loss = 0.42444631457328796
global_step = 0
loss = None
