eval_accuracy = 0.527681660899654
eval_loss = 1.2296125173568726
global_step = 0
loss = None
