eval_accuracy = 0.6809605488850772
eval_loss = 0.6509561538696289
global_step = 0
loss = None
