eval_accuracy = 0.7512864493996569
eval_loss = 0.5180379569530487
global_step = 0
loss = None
