eval_accuracy = 0.855917667238422
eval_loss = 0.32116290330886843
global_step = 0
loss = None
