eval_accuracy = 0.7924528301886793
eval_loss = 0.46285985708236693
global_step = 0
loss = None
