eval_accuracy = 0.7924528301886793
eval_loss = 0.5764666080474854
global_step = 0
loss = None
