eval_accuracy = 0.8227194492254734
eval_loss = 0.34852764904499056
global_step = 0
loss = None
