eval_accuracy = 0.8970840480274442
eval_loss = 0.3146896570920944
global_step = 0
loss = None
