eval_accuracy = 0.8970840480274442
eval_loss = 0.35142948031425475
global_step = 0
loss = None
