eval_accuracy = 0.6981132075471698
eval_loss = 0.5772562026977539
global_step = 0
loss = None
