eval_accuracy = 0.8850771869639794
eval_loss = 0.5048455476760865
global_step = 0
loss = None
