eval_accuracy = 0.6843910806174958
eval_loss = 0.602103590965271
global_step = 0
loss = None
