eval_accuracy = 0.7924528301886793
eval_loss = 0.44920623302459717
global_step = 0
loss = None
