eval_accuracy = 0.6775300171526587
eval_loss = 0.6292624711990357
global_step = 0
loss = None
