eval_accuracy = 0.79073756432247
eval_loss = 0.5529477834701538
global_step = 0
loss = None
