eval_accuracy = 0.8353344768439108
eval_loss = 0.37306599617004393
global_step = 0
loss = None
