eval_accuracy = 0.8353344768439108
eval_loss = 0.5105109810829163
global_step = 0
loss = None
