eval_accuracy = 0.8244406196213425
eval_loss = 0.3698233515024185
global_step = 0
loss = None
