eval_accuracy = 0.8524871355060034
eval_loss = 0.33980374932289126
global_step = 0
loss = None
