eval_accuracy = 0.8353344768439108
eval_loss = 0.39749329090118407
global_step = 0
loss = None
