eval_accuracy = 0.8353344768439108
eval_loss = 0.6034478664398193
global_step = 0
loss = None
