eval_accuracy = 0.8833619210977701
eval_loss = 0.4684569418430328
global_step = 0
loss = None
