eval_accuracy = 0.8833619210977701
eval_loss = 0.5214845359325408
global_step = 0
loss = None
