eval_accuracy = 0.6826758147512865
eval_loss = 0.6439138054847717
global_step = 0
loss = None
