eval_accuracy = 0.7341337907375644
eval_loss = 0.5412687420845032
global_step = 0
loss = None
