eval_accuracy = 0.8542024013722127
eval_loss = 0.3367529034614563
global_step = 0
loss = None
