eval_accuracy = 0.9039451114922813
eval_loss = 0.3742682754993439
global_step = 0
loss = None
