eval_accuracy = 0.855917667238422
eval_loss = 0.320205420255661
global_step = 0
loss = None
