eval_accuracy = 0.5207612456747405
eval_loss = 1.267186427116394
global_step = 0
loss = None
