eval_accuracy = 0.7924528301886793
eval_loss = 0.5952109456062317
global_step = 0
loss = None
