eval_accuracy = 0.8267581475128645
eval_loss = 0.3886427342891693
global_step = 0
loss = None
