eval_accuracy = 0.8627787307032591
eval_loss = 0.31731399297714236
global_step = 0
loss = None
