eval_accuracy = 0.7341337907375644
eval_loss = 0.5444430232048034
global_step = 0
loss = None
