eval_accuracy = 0.6454388984509466
eval_loss = 0.6602614045143127
global_step = 0
loss = None
