eval_accuracy = 0.5311418685121108
eval_loss = 1.1369879961013794
global_step = 0
loss = None
