eval_accuracy = 0.7409948542024014
eval_loss = 0.5334327340126037
global_step = 0
loss = None
