eval_accuracy = 0.8542024013722127
eval_loss = 0.5086815237998963
global_step = 0
loss = None
