eval_accuracy = 0.8353344768439108
eval_loss = 0.37069395184516907
global_step = 0
loss = None
