eval_accuracy = 0.8970840480274442
eval_loss = 0.3358545362949371
global_step = 0
loss = None
