eval_accuracy = 0.7392795883361921
eval_loss = 0.5652629733085632
global_step = 0
loss = None
