eval_accuracy = 0.7924528301886793
eval_loss = 0.45460168123245237
global_step = 0
loss = None
