eval_accuracy = 0.6123499142367067
eval_loss = 0.6521438002586365
global_step = 0
loss = None
