eval_accuracy = 0.6861063464837049
eval_loss = 0.6141319513320923
global_step = 0
loss = None
