eval_accuracy = 0.8644939965694682
eval_loss = 0.310776686668396
global_step = 0
loss = None
