eval_accuracy = 0.9005145797598628
eval_loss = 0.3399093508720398
global_step = 0
loss = None
