eval_accuracy = 0.6861063464837049
eval_loss = 0.6042801976203919
global_step = 0
loss = None
