eval_accuracy = 0.5311418685121108
eval_loss = 1.2655927658081054
global_step = 0
loss = None
