eval_accuracy = 0.8278829604130808
eval_loss = 0.3479764848947525
global_step = 0
loss = None
