eval_accuracy = 0.79073756432247
eval_loss = 0.5470196366310119
global_step = 0
loss = None
