eval_accuracy = 0.5311418685121108
eval_loss = 1.1410641431808473
global_step = 0
loss = None
