eval_accuracy = 0.8542024013722127
eval_loss = 0.598705244064331
global_step = 0
loss = None
