eval_accuracy = 0.7289879931389366
eval_loss = 0.5554777443408966
global_step = 0
loss = None
