eval_accuracy = 0.7307032590051458
eval_loss = 0.5406492114067077
global_step = 0
loss = None
