eval_accuracy = 0.8833619210977701
eval_loss = 0.38680211901664735
global_step = 0
loss = None
