eval_accuracy = 0.8542024013722127
eval_loss = 0.37891902923583987
global_step = 0
loss = None
