eval_accuracy = 0.8576329331046312
eval_loss = 0.31551488041877745
global_step = 0
loss = None
