eval_accuracy = 0.8353344768439108
eval_loss = 0.5023918986320496
global_step = 0
loss = None
