eval_accuracy = 0.6775300171526587
eval_loss = 0.6363324165344239
global_step = 0
loss = None
