eval_accuracy = 0.7221269296740995
eval_loss = 0.6160762846469879
global_step = 0
loss = None
