eval_accuracy = 0.8261617900172117
eval_loss = 0.47781201004981994
global_step = 0
loss = None
