eval_accuracy = 0.6638078902229846
eval_loss = 0.6526143908500671
global_step = 0
loss = None
