eval_accuracy = 0.8542024013722127
eval_loss = 0.49242000579833983
global_step = 0
loss = None
