eval_accuracy = 0.45454545454545453
eval_loss = 0.703284502029419
global_step = 0
loss = None
