eval_accuracy = 0.8261617900172117
eval_loss = 0.4590481221675873
global_step = 0
loss = None
