eval_accuracy = 0.8833619210977701
eval_loss = 0.47414496541023254
global_step = 0
loss = None
