eval_accuracy = 0.7924528301886793
eval_loss = 0.5268047094345093
global_step = 0
loss = None
