eval_accuracy = 0.629757785467128
eval_loss = 0.9567543268203735
global_step = 0
loss = None
