eval_accuracy = 0.7108433734939759
eval_loss = 0.566480565071106
global_step = 0
loss = None
