eval_accuracy = 0.5294117647058824
eval_loss = 1.2947640419006348
global_step = 0
loss = None
