eval_accuracy = 0.7324185248713551
eval_loss = 0.5374144494533539
global_step = 0
loss = None
