eval_accuracy = 0.6329331046312179
eval_loss = 0.6630142807960511
global_step = 0
loss = None
