eval_accuracy = 0.8542024013722127
eval_loss = 0.38489003777503966
global_step = 0
loss = None
