eval_accuracy = 0.527681660899654
eval_loss = 1.2350707292556762
global_step = 0
loss = None
