eval_accuracy = 0.6174957118353345
eval_loss = 0.6462489366531372
global_step = 0
loss = None
