eval_accuracy = 0.8353344768439108
eval_loss = 0.4332699775695801
global_step = 0
loss = None
