eval_accuracy = 0.7221269296740995
eval_loss = 0.542851859331131
global_step = 0
loss = None
