eval_accuracy = 0.5311418685121108
eval_loss = 1.1119218826293946
global_step = 0
loss = None
