eval_accuracy = 0.8850771869639794
eval_loss = 0.49522621035575864
global_step = 0
loss = None
