eval_accuracy = 0.6366782006920415
eval_loss = 0.9528044700622559
global_step = 0
loss = None
