eval_accuracy = 0.6366782006920415
eval_loss = 0.9559369802474975
global_step = 0
loss = None
