eval_accuracy = 0.7032590051457976
eval_loss = 0.5732279300689698
global_step = 0
loss = None
