eval_accuracy = 0.7924528301886793
eval_loss = 0.46833633780479433
global_step = 0
loss = None
