eval_accuracy = 0.7015437392795884
eval_loss = 0.5683908700942993
global_step = 0
loss = None
