eval_accuracy = 0.6689536878216124
eval_loss = 0.6488889694213867
global_step = 0
loss = None
