eval_accuracy = 0.8524871355060034
eval_loss = 0.32778737545013426
global_step = 0
loss = None
