eval_accuracy = 0.7882960413080895
eval_loss = 0.4697021126747131
global_step = 0
loss = None
