eval_accuracy = 0.5934819897084048
eval_loss = 0.6723984360694886
global_step = 0
loss = None
