eval_accuracy = 0.7924528301886793
eval_loss = 0.45657913088798524
global_step = 0
loss = None
