eval_accuracy = 0.7221269296740995
eval_loss = 0.5494575381278992
global_step = 0
loss = None
