eval_accuracy = 0.8644939965694682
eval_loss = 0.3120361387729645
global_step = 0
loss = None
