eval_accuracy = 0.8627787307032591
eval_loss = 0.3110266447067261
global_step = 0
loss = None
