eval_accuracy = 0.7032590051457976
eval_loss = 0.6165725588798523
global_step = 0
loss = None
