eval_accuracy = 0.7924528301886793
eval_loss = 0.6040142178535461
global_step = 0
loss = None
