eval_accuracy = 0.7186963979416809
eval_loss = 0.5883214950561524
global_step = 0
loss = None
