eval_accuracy = 0.8456260720411664
eval_loss = 0.32679600119590757
global_step = 0
loss = None
