eval_accuracy = 0.6366782006920415
eval_loss = 0.9739391207695007
global_step = 0
loss = None
