eval_accuracy = 0.6792452830188679
eval_loss = 0.647783362865448
global_step = 0
loss = None
