eval_accuracy = 0.6861063464837049
eval_loss = 0.5982503652572632
global_step = 0
loss = None
