eval_accuracy = 0.8833619210977701
eval_loss = 0.4874109148979187
global_step = 0
loss = None
