eval_accuracy = 0.5934819897084048
eval_loss = 0.6720711469650269
global_step = 0
loss = None
