eval_accuracy = 0.8833619210977701
eval_loss = 0.3895636320114136
global_step = 0
loss = None
