eval_accuracy = 0.8833619210977701
eval_loss = 0.4582899808883667
global_step = 0
loss = None
