eval_accuracy = 0.79073756432247
eval_loss = 0.5424250781536102
global_step = 0
loss = None
