eval_accuracy = 0.6861063464837049
eval_loss = 0.6169217586517334
global_step = 0
loss = None
