eval_accuracy = 0.8404802744425386
eval_loss = 0.3674828916788101
global_step = 0
loss = None
