eval_accuracy = 0.6826758147512865
eval_loss = 0.594642448425293
global_step = 0
loss = None
