eval_accuracy = 0.6265060240963856
eval_loss = 0.6722480297088623
global_step = 0
loss = None
