eval_accuracy = 0.5934819897084048
eval_loss = 0.673275375366211
global_step = 0
loss = None
