eval_accuracy = 0.6689536878216124
eval_loss = 0.6538205027580262
global_step = 0
loss = None
