eval_accuracy = 0.7101200686106347
eval_loss = 0.567364239692688
global_step = 0
loss = None
