eval_accuracy = 0.7015437392795884
eval_loss = 0.6242579817771912
global_step = 0
loss = None
