eval_accuracy = 0.8542024013722127
eval_loss = 0.4839257955551147
global_step = 0
loss = None
