eval_accuracy = 0.8833619210977701
eval_loss = 0.3882835149765015
global_step = 0
loss = None
