eval_accuracy = 0.8353344768439108
eval_loss = 0.39387655854225156
global_step = 0
loss = None
