eval_accuracy = 0.6260720411663808
eval_loss = 0.6449694037437439
global_step = 0
loss = None
