eval_accuracy = 0.614065180102916
eval_loss = 0.6475971698760986
global_step = 0
loss = None
