eval_accuracy = 0.7924528301886793
eval_loss = 0.47352864742279055
global_step = 0
loss = None
