eval_accuracy = 0.8267581475128645
eval_loss = 0.40321527421474457
global_step = 0
loss = None
