eval_accuracy = 0.8353344768439108
eval_loss = 0.41759832501411437
global_step = 0
loss = None
