eval_accuracy = 0.5311418685121108
eval_loss = 1.1388624668121339
global_step = 0
loss = None
