eval_accuracy = 0.6861063464837049
eval_loss = 0.5897908449172974
global_step = 0
loss = None
