eval_accuracy = 0.8542024013722127
eval_loss = 0.3274810254573822
global_step = 0
loss = None
