eval_accuracy = 0.8261617900172117
eval_loss = 0.3456430733203888
global_step = 0
loss = None
