eval_accuracy = 0.6349480968858131
eval_loss = 0.9529016733169555
global_step = 0
loss = None
