eval_accuracy = 0.7924528301886793
eval_loss = 0.5292859137058258
global_step = 0
loss = None
